grid_lighting
uniform 1
False False False True
0 27 0 0
0 5 -7 3 1 1 1 1 
1 4 -7 3 1 1 1 1 
2 5 -6 3 1 1 1 1 
3 5 -7 4 1 1 1 1 
4 3 -7 3 1 1 1 1 
5 4 -6 3 1 1 1 1 
6 4 -7 4 0 0 0 0 
7 5 -5 3 1 1 1 1 
8 5 -6 4 1 1 1 1 
9 5 -7 5 1 1 1 1 
10 3 -6 3 1 1 1 1 
11 3 -7 4 0 0 0 0 
12 4 -5 3 1 1 1 1 
13 4 -6 4 0 0 0 0 
14 4 -7 5 0 0 0 0 
15 5 -5 4 1 1 1 1 
16 5 -6 5 1 1 1 1 
17 3 -5 3 1 1 1 1 
18 3 -6 4 0 0 0 0 
19 3 -7 5 0 0 0 0 
20 4 -5 4 1 1 1 1 
21 4 -6 5 0 0 0 0 
22 5 -5 5 1 1 1 1 
23 3 -5 4 1 1 1 1 
24 3 -6 5 0 0 0 0 
25 4 -5 5 1 1 1 1 
26 3 -5 5 1 1 1 1 
